10
0.42101711588680335 0.958467488828015 0.1769020255304199 0.6124960974284251 0.07634243584865863 0.3712399135057646 0.45910062138644325 0.3442234351419903 0.36633814888911054 0.0621668991194656
0.0 -5.05150505980545E-6 0.4096338538021605 0.1394348804845741 0.4375298066137463 0.08927733066712945 0.4204401714364248 -0.2111630120397564 0.1887142227584398 0.7087230536190512
0.0 -0.31677883929438677 0.2790033438578834 -0.082374110069805 0.226999310120435 -0.3111030124366347 0.4310205718449599 0.33114250354784946 -0.10719665112382065 0.5237899573606825
0.0 -0.9534989196982805 0.43340016176730733 -0.19389889958823603 0.2520656321463723 0.20332171635633012 0.02050830571906248 -0.4155949533505166 0.05847240461236669 0.05298035196551715
0.0 -0.4409863326986114 -0.02370115484376034 0.27838635114733146 0.382346972227099 -0.13627376721192686 -0.3909276321473467 0.533801909052165 0.016700751076772935 0.31025434124187623
-6.938893903907228E-18 0.06151636086579415 0.7308222520481846 0.19058572587808717 0.4275228620964354 0.328971616532358 0.8934938741460119 0.5741983350385997 0.5686037806768944 0.23373462733878145
0.0 0.41968121398753033 0.9377092418293194 0.015010412527488387 0.5777153885743153 0.8420120678045213 -0.05322078598024467 0.05547361895643635 0.3677240815320662 0.10316758151434437
5.551115123125783E-17 -0.18475190357108418 0.4251079577946798 0.16331289668526838 0.8896256968010214 0.1032545272584337 -0.25024324287307026 0.4581208598642755 -0.03062513266093192 0.3716266508209365
0.0 -0.1553445523775725 0.7647389544118 0.44609144230545283 0.7250006702840426 -0.02114183082964327 -0.1307462220116104 0.015815436462765564 0.4964419962542142 0.33375330955793225
0.0 -0.3978453622215139 0.4663185549622147 0.6284600211328073 0.7713836447427298 0.20081780079926037 -0.08075632515192893 0.06315798285314828 0.4648920627895995 0.2619877420121491
0.8145054474303303 0.8195181996891131 0.43541614228204417 0.6990425037840498 0.47295355604539846 0.32612419416997296 0.2652595347146751 0.10957807038063028 0.24265565699813407 0.09598593453227855